1745430682954 0.8077387073460747 0
1745430859794 0.8287592670496773 0
1745431058286 0.803892649271909 0
1745431205951 0.8197183714193457 0
1745431406829 0.7679259619292091 0
1745431603389 0.8257214532178991 0
1745431776758 0.8625210313236013 0
1745432268042 0.8477552077349495 0
1745432748500 0.8242665809743545 0
1745432949505 0.8084730646189522 0
1745433324830 0.745382094207932 0
1745433697386 0.8013033621451434 0
1745434063844 0.7425463611588758 0
1745434429458 0.7490085012772504 0
1745434817152 0.8302732215208166 0
